package main

import "github.com/lucasb-eyer/go-colorful"

// Alpha channel threshold to consider pixel as transparent
const TRANSPARENCY_THRESHOLD uint32 = 8192

// Render modes
type RenderMode int
const (
	term16    RenderMode = iota
	term256   RenderMode = iota
	term24bit RenderMode = iota
	irc       RenderMode = iota
)

// Colors
var colors = [][]colorful.Color{
	// term16 (default xterm palette)
	{
		{R: 0.0, G: 0.0, B: 0.0},
		{R: 205.0 / 255.0, G: 0.0, B: 0.0},
		{R: 0.0, G: 205.0 / 255.0, B: 0.0},
		{R: 205.0 / 255.0, G: 205.0 / 255.0, B: 0.0},
		{R: 0.0, G: 0.0, B: 238.0 / 255.0},
		{R: 205.0 / 255.0, G: 0.0, B: 205.0 / 255.0},
		{R: 0.0, G: 205.0 / 255.0, B: 205.0 / 255.0},
		{R: 229.0 / 255.0, G: 229.0 / 255.0, B: 229.0 / 255.0},
		{R: 127.0 / 255.0, G: 127.0 / 255.0, B: 127.0 / 255.0},
		{R: 1.0, G: 0.0, B: 0.0},
		{R: 0.0, G: 1.0, B: 0.0},
		{R: 1.0, G: 1.0, B: 0.0},
		{R: 92.0 / 255.0, G: 92.0 / 255.0, B: 1.0},
		{R: 1.0, G: 0.0, B: 1.0},
		{R: 0.0, G: 1.0, B: 1.0},
		{R: 1.0, G: 1.0, B: 1.0},
	},
	// term256 (from https://jonasjacek.github.io/colors/ not sure how accurate)
	{
		{R: 0.0, G: 0.0, B: 0.0},
		{R: 128.0 / 255.0, G: 0.0, B: 0.0},
		{R: 0.0, G: 128.0 / 255.0, B: 0.0},
		{R: 128.0 / 255.0, G: 128.0 / 255.0, B: 0.0},
		{R: 0.0, G: 0.0, B: 128.0 / 255.0},
		{R: 128.0 / 255.0, G: 0.0, B: 128.0 / 255.0},
		{R: 0.0, G: 128.0 / 255.0, B: 128.0 / 255.0},
		{R: 192.0 / 255.0, G: 192.0 / 255.0, B: 192.0 / 255.0},
		{R: 128.0 / 255.0, G: 128.0 / 255.0, B: 128.0 / 255.0},
		{R: 1.0, G: 0.0, B: 0.0},
		{R: 0.0, G: 1.0, B: 0.0},
		{R: 1.0, G: 1.0, B: 0.0},
		{R: 0.0, G: 0.0, B: 1.0},
		{R: 1.0, G: 0.0, B: 1.0},
		{R: 0.0, G: 1.0, B: 1.0},
		{R: 1.0, G: 1.0, B: 1.0},
		{R: 0.0, G: 0.0, B: 0.0},
		{R: 0.0, G: 0.0, B: 95.0 / 255.0},
		{R: 0.0, G: 0.0, B: 135.0 / 255.0},
		{R: 0.0, G: 0.0, B: 175.0 / 255.0},
		{R: 0.0, G: 0.0, B: 215.0 / 255.0},
		{R: 0.0, G: 0.0, B: 1.0},
		{R: 0.0, G: 95.0 / 255.0, B: 0.0},
		{R: 0.0, G: 95.0 / 255.0, B: 95.0 / 255.0},
		{R: 0.0, G: 95.0 / 255.0, B: 135.0 / 255.0},
		{R: 0.0, G: 95.0 / 255.0, B: 175.0 / 255.0},
		{R: 0.0, G: 95.0 / 255.0, B: 215.0 / 255.0},
		{R: 0.0, G: 95.0 / 255.0, B: 1.0},
		{R: 0.0, G: 135.0 / 255.0, B: 0.0},
		{R: 0.0, G: 135.0 / 255.0, B: 95.0 / 255.0},
		{R: 0.0, G: 135.0 / 255.0, B: 135.0 / 255.0},
		{R: 0.0, G: 135.0 / 255.0, B: 175.0 / 255.0},
		{R: 0.0, G: 135.0 / 255.0, B: 215.0 / 255.0},
		{R: 0.0, G: 135.0 / 255.0, B: 1.0},
		{R: 0.0, G: 175.0 / 255.0, B: 0.0},
		{R: 0.0, G: 175.0 / 255.0, B: 95.0 / 255.0},
		{R: 0.0, G: 175.0 / 255.0, B: 135.0 / 255.0},
		{R: 0.0, G: 175.0 / 255.0, B: 175.0 / 255.0},
		{R: 0.0, G: 175.0 / 255.0, B: 215.0 / 255.0},
		{R: 0.0, G: 175.0 / 255.0, B: 1.0},
		{R: 0.0, G: 215.0 / 255.0, B: 0.0},
		{R: 0.0, G: 215.0 / 255.0, B: 95.0 / 255.0},
		{R: 0.0, G: 215.0 / 255.0, B: 135.0 / 255.0},
		{R: 0.0, G: 215.0 / 255.0, B: 175.0 / 255.0},
		{R: 0.0, G: 215.0 / 255.0, B: 215.0 / 255.0},
		{R: 0.0, G: 215.0 / 255.0, B: 1.0},
		{R: 0.0, G: 1.0, B: 0.0},
		{R: 0.0, G: 1.0, B: 95.0 / 255.0},
		{R: 0.0, G: 1.0, B: 135.0 / 255.0},
		{R: 0.0, G: 1.0, B: 175.0 / 255.0},
		{R: 0.0, G: 1.0, B: 215.0 / 255.0},
		{R: 0.0, G: 1.0, B: 1.0},
		{R: 95.0 / 255.0, G: 0.0, B: 0.0},
		{R: 95.0 / 255.0, G: 0.0, B: 95.0 / 255.0},
		{R: 95.0 / 255.0, G: 0.0, B: 135.0 / 255.0},
		{R: 95.0 / 255.0, G: 0.0, B: 175.0 / 255.0},
		{R: 95.0 / 255.0, G: 0.0, B: 215.0 / 255.0},
		{R: 95.0 / 255.0, G: 0.0, B: 1.0},
		{R: 95.0 / 255.0, G: 95.0 / 255.0, B: 0.0},
		{R: 95.0 / 255.0, G: 95.0 / 255.0, B: 95.0 / 255.0},
		{R: 95.0 / 255.0, G: 95.0 / 255.0, B: 135.0 / 255.0},
		{R: 95.0 / 255.0, G: 95.0 / 255.0, B: 175.0 / 255.0},
		{R: 95.0 / 255.0, G: 95.0 / 255.0, B: 215.0 / 255.0},
		{R: 95.0 / 255.0, G: 95.0 / 255.0, B: 1.0},
		{R: 95.0 / 255.0, G: 135.0 / 255.0, B: 0.0},
		{R: 95.0 / 255.0, G: 135.0 / 255.0, B: 95.0 / 255.0},
		{R: 95.0 / 255.0, G: 135.0 / 255.0, B: 135.0 / 255.0},
		{R: 95.0 / 255.0, G: 135.0 / 255.0, B: 175.0 / 255.0},
		{R: 95.0 / 255.0, G: 135.0 / 255.0, B: 215.0 / 255.0},
		{R: 95.0 / 255.0, G: 135.0 / 255.0, B: 1.0},
		{R: 95.0 / 255.0, G: 175.0 / 255.0, B: 0.0},
		{R: 95.0 / 255.0, G: 175.0 / 255.0, B: 95.0 / 255.0},
		{R: 95.0 / 255.0, G: 175.0 / 255.0, B: 135.0 / 255.0},
		{R: 95.0 / 255.0, G: 175.0 / 255.0, B: 175.0 / 255.0},
		{R: 95.0 / 255.0, G: 175.0 / 255.0, B: 215.0 / 255.0},
		{R: 95.0 / 255.0, G: 175.0 / 255.0, B: 1.0},
		{R: 95.0 / 255.0, G: 215.0 / 255.0, B: 0.0},
		{R: 95.0 / 255.0, G: 215.0 / 255.0, B: 95.0 / 255.0},
		{R: 95.0 / 255.0, G: 215.0 / 255.0, B: 135.0 / 255.0},
		{R: 95.0 / 255.0, G: 215.0 / 255.0, B: 175.0 / 255.0},
		{R: 95.0 / 255.0, G: 215.0 / 255.0, B: 215.0 / 255.0},
		{R: 95.0 / 255.0, G: 215.0 / 255.0, B: 1.0},
		{R: 95.0 / 255.0, G: 1.0, B: 0.0},
		{R: 95.0 / 255.0, G: 1.0, B: 95.0 / 255.0},
		{R: 95.0 / 255.0, G: 1.0, B: 135.0 / 255.0},
		{R: 95.0 / 255.0, G: 1.0, B: 175.0 / 255.0},
		{R: 95.0 / 255.0, G: 1.0, B: 215.0 / 255.0},
		{R: 95.0 / 255.0, G: 1.0, B: 1.0},
		{R: 135.0 / 255.0, G: 0.0, B: 0.0},
		{R: 135.0 / 255.0, G: 0.0, B: 95.0 / 255.0},
		{R: 135.0 / 255.0, G: 0.0, B: 135.0 / 255.0},
		{R: 135.0 / 255.0, G: 0.0, B: 175.0 / 255.0},
		{R: 135.0 / 255.0, G: 0.0, B: 215.0 / 255.0},
		{R: 135.0 / 255.0, G: 0.0, B: 1.0},
		{R: 135.0 / 255.0, G: 95.0 / 255.0, B: 0.0},
		{R: 135.0 / 255.0, G: 95.0 / 255.0, B: 95.0 / 255.0},
		{R: 135.0 / 255.0, G: 95.0 / 255.0, B: 135.0 / 255.0},
		{R: 135.0 / 255.0, G: 95.0 / 255.0, B: 175.0 / 255.0},
		{R: 135.0 / 255.0, G: 95.0 / 255.0, B: 215.0 / 255.0},
		{R: 135.0 / 255.0, G: 95.0 / 255.0, B: 1.0},
		{R: 135.0 / 255.0, G: 135.0 / 255.0, B: 0.0},
		{R: 135.0 / 255.0, G: 135.0 / 255.0, B: 95.0 / 255.0},
		{R: 135.0 / 255.0, G: 135.0 / 255.0, B: 135.0 / 255.0},
		{R: 135.0 / 255.0, G: 135.0 / 255.0, B: 175.0 / 255.0},
		{R: 135.0 / 255.0, G: 135.0 / 255.0, B: 215.0 / 255.0},
		{R: 135.0 / 255.0, G: 135.0 / 255.0, B: 1.0},
		{R: 135.0 / 255.0, G: 175.0 / 255.0, B: 0.0},
		{R: 135.0 / 255.0, G: 175.0 / 255.0, B: 95.0 / 255.0},
		{R: 135.0 / 255.0, G: 175.0 / 255.0, B: 135.0 / 255.0},
		{R: 135.0 / 255.0, G: 175.0 / 255.0, B: 175.0 / 255.0},
		{R: 135.0 / 255.0, G: 175.0 / 255.0, B: 215.0 / 255.0},
		{R: 135.0 / 255.0, G: 175.0 / 255.0, B: 1.0},
		{R: 135.0 / 255.0, G: 215.0 / 255.0, B: 0.0},
		{R: 135.0 / 255.0, G: 215.0 / 255.0, B: 95.0 / 255.0},
		{R: 135.0 / 255.0, G: 215.0 / 255.0, B: 135.0 / 255.0},
		{R: 135.0 / 255.0, G: 215.0 / 255.0, B: 175.0 / 255.0},
		{R: 135.0 / 255.0, G: 215.0 / 255.0, B: 215.0 / 255.0},
		{R: 135.0 / 255.0, G: 215.0 / 255.0, B: 1.0},
		{R: 135.0 / 255.0, G: 1.0, B: 0.0},
		{R: 135.0 / 255.0, G: 1.0, B: 95.0 / 255.0},
		{R: 135.0 / 255.0, G: 1.0, B: 135.0 / 255.0},
		{R: 135.0 / 255.0, G: 1.0, B: 175.0 / 255.0},
		{R: 135.0 / 255.0, G: 1.0, B: 215.0 / 255.0},
		{R: 135.0 / 255.0, G: 1.0, B: 1.0},
		{R: 175.0 / 255.0, G: 0.0, B: 0.0},
		{R: 175.0 / 255.0, G: 0.0, B: 95.0 / 255.0},
		{R: 175.0 / 255.0, G: 0.0, B: 135.0 / 255.0},
		{R: 175.0 / 255.0, G: 0.0, B: 175.0 / 255.0},
		{R: 175.0 / 255.0, G: 0.0, B: 215.0 / 255.0},
		{R: 175.0 / 255.0, G: 0.0, B: 1.0},
		{R: 175.0 / 255.0, G: 95.0 / 255.0, B: 0.0},
		{R: 175.0 / 255.0, G: 95.0 / 255.0, B: 95.0 / 255.0},
		{R: 175.0 / 255.0, G: 95.0 / 255.0, B: 135.0 / 255.0},
		{R: 175.0 / 255.0, G: 95.0 / 255.0, B: 175.0 / 255.0},
		{R: 175.0 / 255.0, G: 95.0 / 255.0, B: 215.0 / 255.0},
		{R: 175.0 / 255.0, G: 95.0 / 255.0, B: 1.0},
		{R: 175.0 / 255.0, G: 135.0 / 255.0, B: 0.0},
		{R: 175.0 / 255.0, G: 135.0 / 255.0, B: 95.0 / 255.0},
		{R: 175.0 / 255.0, G: 135.0 / 255.0, B: 135.0 / 255.0},
		{R: 175.0 / 255.0, G: 135.0 / 255.0, B: 175.0 / 255.0},
		{R: 175.0 / 255.0, G: 135.0 / 255.0, B: 215.0 / 255.0},
		{R: 175.0 / 255.0, G: 135.0 / 255.0, B: 1.0},
		{R: 175.0 / 255.0, G: 175.0 / 255.0, B: 0.0},
		{R: 175.0 / 255.0, G: 175.0 / 255.0, B: 95.0 / 255.0},
		{R: 175.0 / 255.0, G: 175.0 / 255.0, B: 135.0 / 255.0},
		{R: 175.0 / 255.0, G: 175.0 / 255.0, B: 175.0 / 255.0},
		{R: 175.0 / 255.0, G: 175.0 / 255.0, B: 215.0 / 255.0},
		{R: 175.0 / 255.0, G: 175.0 / 255.0, B: 1.0},
		{R: 175.0 / 255.0, G: 215.0 / 255.0, B: 0.0},
		{R: 175.0 / 255.0, G: 215.0 / 255.0, B: 95.0 / 255.0},
		{R: 175.0 / 255.0, G: 215.0 / 255.0, B: 135.0 / 255.0},
		{R: 175.0 / 255.0, G: 215.0 / 255.0, B: 175.0 / 255.0},
		{R: 175.0 / 255.0, G: 215.0 / 255.0, B: 215.0 / 255.0},
		{R: 175.0 / 255.0, G: 215.0 / 255.0, B: 1.0},
		{R: 175.0 / 255.0, G: 1.0, B: 0.0},
		{R: 175.0 / 255.0, G: 1.0, B: 95.0 / 255.0},
		{R: 175.0 / 255.0, G: 1.0, B: 135.0 / 255.0},
		{R: 175.0 / 255.0, G: 1.0, B: 175.0 / 255.0},
		{R: 175.0 / 255.0, G: 1.0, B: 215.0 / 255.0},
		{R: 175.0 / 255.0, G: 1.0, B: 1.0},
		{R: 215.0 / 255.0, G: 0.0, B: 0.0},
		{R: 215.0 / 255.0, G: 0.0, B: 95.0 / 255.0},
		{R: 215.0 / 255.0, G: 0.0, B: 135.0 / 255.0},
		{R: 215.0 / 255.0, G: 0.0, B: 175.0 / 255.0},
		{R: 215.0 / 255.0, G: 0.0, B: 215.0 / 255.0},
		{R: 215.0 / 255.0, G: 0.0, B: 1.0},
		{R: 215.0 / 255.0, G: 95.0 / 255.0, B: 0.0},
		{R: 215.0 / 255.0, G: 95.0 / 255.0, B: 95.0 / 255.0},
		{R: 215.0 / 255.0, G: 95.0 / 255.0, B: 135.0 / 255.0},
		{R: 215.0 / 255.0, G: 95.0 / 255.0, B: 175.0 / 255.0},
		{R: 215.0 / 255.0, G: 95.0 / 255.0, B: 215.0 / 255.0},
		{R: 215.0 / 255.0, G: 95.0 / 255.0, B: 1.0},
		{R: 215.0 / 255.0, G: 135.0 / 255.0, B: 0.0},
		{R: 215.0 / 255.0, G: 135.0 / 255.0, B: 95.0 / 255.0},
		{R: 215.0 / 255.0, G: 135.0 / 255.0, B: 135.0 / 255.0},
		{R: 215.0 / 255.0, G: 135.0 / 255.0, B: 175.0 / 255.0},
		{R: 215.0 / 255.0, G: 135.0 / 255.0, B: 215.0 / 255.0},
		{R: 215.0 / 255.0, G: 135.0 / 255.0, B: 1.0},
		{R: 215.0 / 255.0, G: 175.0 / 255.0, B: 0.0},
		{R: 215.0 / 255.0, G: 175.0 / 255.0, B: 95.0 / 255.0},
		{R: 215.0 / 255.0, G: 175.0 / 255.0, B: 135.0 / 255.0},
		{R: 215.0 / 255.0, G: 175.0 / 255.0, B: 175.0 / 255.0},
		{R: 215.0 / 255.0, G: 175.0 / 255.0, B: 215.0 / 255.0},
		{R: 215.0 / 255.0, G: 175.0 / 255.0, B: 1.0},
		{R: 215.0 / 255.0, G: 215.0 / 255.0, B: 0.0},
		{R: 215.0 / 255.0, G: 215.0 / 255.0, B: 95.0 / 255.0},
		{R: 215.0 / 255.0, G: 215.0 / 255.0, B: 135.0 / 255.0},
		{R: 215.0 / 255.0, G: 215.0 / 255.0, B: 175.0 / 255.0},
		{R: 215.0 / 255.0, G: 215.0 / 255.0, B: 215.0 / 255.0},
		{R: 215.0 / 255.0, G: 215.0 / 255.0, B: 1.0},
		{R: 215.0 / 255.0, G: 1.0, B: 0.0},
		{R: 215.0 / 255.0, G: 1.0, B: 95.0 / 255.0},
		{R: 215.0 / 255.0, G: 1.0, B: 135.0 / 255.0},
		{R: 215.0 / 255.0, G: 1.0, B: 175.0 / 255.0},
		{R: 215.0 / 255.0, G: 1.0, B: 215.0 / 255.0},
		{R: 215.0 / 255.0, G: 1.0, B: 1.0},
		{R: 1.0, G: 0.0, B: 0.0},
		{R: 1.0, G: 0.0, B: 95.0 / 255.0},
		{R: 1.0, G: 0.0, B: 135.0 / 255.0},
		{R: 1.0, G: 0.0, B: 175.0 / 255.0},
		{R: 1.0, G: 0.0, B: 215.0 / 255.0},
		{R: 1.0, G: 0.0, B: 1.0},
		{R: 1.0, G: 95.0 / 255.0, B: 0.0},
		{R: 1.0, G: 95.0 / 255.0, B: 95.0 / 255.0},
		{R: 1.0, G: 95.0 / 255.0, B: 135.0 / 255.0},
		{R: 1.0, G: 95.0 / 255.0, B: 175.0 / 255.0},
		{R: 1.0, G: 95.0 / 255.0, B: 215.0 / 255.0},
		{R: 1.0, G: 95.0 / 255.0, B: 1.0},
		{R: 1.0, G: 135.0 / 255.0, B: 0.0},
		{R: 1.0, G: 135.0 / 255.0, B: 95.0 / 255.0},
		{R: 1.0, G: 135.0 / 255.0, B: 135.0 / 255.0},
		{R: 1.0, G: 135.0 / 255.0, B: 175.0 / 255.0},
		{R: 1.0, G: 135.0 / 255.0, B: 215.0 / 255.0},
		{R: 1.0, G: 135.0 / 255.0, B: 1.0},
		{R: 1.0, G: 175.0 / 255.0, B: 0.0},
		{R: 1.0, G: 175.0 / 255.0, B: 95.0 / 255.0},
		{R: 1.0, G: 175.0 / 255.0, B: 135.0 / 255.0},
		{R: 1.0, G: 175.0 / 255.0, B: 175.0 / 255.0},
		{R: 1.0, G: 175.0 / 255.0, B: 215.0 / 255.0},
		{R: 1.0, G: 175.0 / 255.0, B: 1.0},
		{R: 1.0, G: 215.0 / 255.0, B: 0.0},
		{R: 1.0, G: 215.0 / 255.0, B: 95.0 / 255.0},
		{R: 1.0, G: 215.0 / 255.0, B: 135.0 / 255.0},
		{R: 1.0, G: 215.0 / 255.0, B: 175.0 / 255.0},
		{R: 1.0, G: 215.0 / 255.0, B: 215.0 / 255.0},
		{R: 1.0, G: 215.0 / 255.0, B: 1.0},
		{R: 1.0, G: 1.0, B: 0.0},
		{R: 1.0, G: 1.0, B: 95.0 / 255.0},
		{R: 1.0, G: 1.0, B: 135.0 / 255.0},
		{R: 1.0, G: 1.0, B: 175.0 / 255.0},
		{R: 1.0, G: 1.0, B: 215.0 / 255.0},
		{R: 1.0, G: 1.0, B: 1.0},
		{R: 8.0 / 255.0, G: 8.0 / 255.0, B: 8.0 / 255.0},
		{R: 18.0 / 255.0, G: 18.0 / 255.0, B: 18.0 / 255.0},
		{R: 28.0 / 255.0, G: 28.0 / 255.0, B: 28.0 / 255.0},
		{R: 38.0 / 255.0, G: 38.0 / 255.0, B: 38.0 / 255.0},
		{R: 48.0 / 255.0, G: 48.0 / 255.0, B: 48.0 / 255.0},
		{R: 58.0 / 255.0, G: 58.0 / 255.0, B: 58.0 / 255.0},
		{R: 68.0 / 255.0, G: 68.0 / 255.0, B: 68.0 / 255.0},
		{R: 78.0 / 255.0, G: 78.0 / 255.0, B: 78.0 / 255.0},
		{R: 88.0 / 255.0, G: 88.0 / 255.0, B: 88.0 / 255.0},
		{R: 98.0 / 255.0, G: 98.0 / 255.0, B: 98.0 / 255.0},
		{R: 108.0 / 255.0, G: 108.0 / 255.0, B: 108.0 / 255.0},
		{R: 118.0 / 255.0, G: 118.0 / 255.0, B: 118.0 / 255.0},
		{R: 128.0 / 255.0, G: 128.0 / 255.0, B: 128.0 / 255.0},
		{R: 138.0 / 255.0, G: 138.0 / 255.0, B: 138.0 / 255.0},
		{R: 148.0 / 255.0, G: 148.0 / 255.0, B: 148.0 / 255.0},
		{R: 158.0 / 255.0, G: 158.0 / 255.0, B: 158.0 / 255.0},
		{R: 168.0 / 255.0, G: 168.0 / 255.0, B: 168.0 / 255.0},
		{R: 178.0 / 255.0, G: 178.0 / 255.0, B: 178.0 / 255.0},
		{R: 188.0 / 255.0, G: 188.0 / 255.0, B: 188.0 / 255.0},
		{R: 198.0 / 255.0, G: 198.0 / 255.0, B: 198.0 / 255.0},
		{R: 208.0 / 255.0, G: 208.0 / 255.0, B: 208.0 / 255.0},
		{R: 218.0 / 255.0, G: 218.0 / 255.0, B: 218.0 / 255.0},
		{R: 228.0 / 255.0, G: 228.0 / 255.0, B: 228.0 / 255.0},
		{R: 238.0 / 255.0, G: 238.0 / 255.0, B: 238.0 / 255.0},
	},
	// term24bit
	{}, // no palette
	// irc
	{
		{R: 1.0, G: 1.0, B: 1.0},
		{R: 0.0, G: 0.0, B: 0.0},
		{R: 0.0, G: 0.0, B: 127.0 / 255.0},
		{R: 0.0, G: 147.0 / 255.0, B: 0.0},
		{R: 1.0, G: 0.0, B: 0.0},
		{R: 127.0 / 255.0, G: 0.0, B: 0.0},
		{R: 156.0 / 255.0, G: 0.0, B: 156.0 / 255.0},
		{R: 252.0 / 255.0, G: 127.0 / 255.0, B: 0.0},
		{R: 1.0, G: 1.0, B: 0.0},
		{R: 0.0, G: 252.0 / 255.0, B: 0.0},
		{R: 0.0, G: 147.0 / 255.0, B: 147.0 / 255.0},
		{R: 0.0, G: 1.0, B: 1.0},
		{R: 0.0, G: 0.0, B: 252.0 / 255.0},
		{R: 1.0, G: 0.0, B: 1.0},
		{R: 127.0 / 255.0, G: 127.0 / 255.0, B: 127.0 / 255.0},
		{R: 210.0, G: 210.0, B: 210.0},
	},
}
